coherence,perplexity_score
0.571940663259423,-3.9888694338805077
0.6448799442330237,-3.956618011775978
0.6790620513040256,-4.0604017318273256
0.7219313044953481,-4.014715955170135
0.7427519876939975,-4.119758555189724
0.7471433437782234,-4.115594718854141
0.7332471340323049,-4.1217396594546845
0.7339904358627387,-4.184985092508529
0.7110692145567782,-4.1809048229708505
0.7036149386972148,-4.209085957605238
0.7066536451005911,-4.195043317474904
0.6963776355053891,-4.281937104202447
0.6998592307298339,-4.282551520725353
0.6810716543801699,-4.483791960090519
0.6894219354036667,-5.027202892112269
0.700482253458488,-6.7710851505875675
0.712989235827916,-9.024059622548975
0.7525057477762469,-10.174733453924455
0.7763410462902056,-10.435314293408195
